Timestamp,PM 1.0,PM 2.5,PM 10,Temperature,Gas,Humidity,Pressure,Altitude
1676507974.3010666,0,0,1,22.47765625,59920,20.111729043183477,1012.4535675458078,6.632955758549663
1676507975.4949012,0,0,1,22.4973828125,10075,20.10776622862139,1012.4655451982102,6.533170579016561
1676507976.6886384,0,0,1,22.5380078125,12824,20.10503546512786,1012.4659575461504,6.529735347467991
1676507977.8824487,0,0,1,22.5784375,14428,20.066413996858063,1012.4540923018493,6.628584024101426
1676507979.0764828,0,0,1,22.6141796875,15570,20.012153583984777,1012.4545648713735,6.624647056292123
1676507980.277435,0,0,1,22.645625,16703,19.967900370507405,1012.4493026147921,6.668486900788412
1676507981.471157,0,0,1,22.6735546875,17402,19.9183324346719,1012.4515922723124,6.649411747876001
1676507982.667223,0,0,0,22.6973828125,18058,19.86853978753837,1012.4501928355488,6.6610704612513345
1676507983.8689725,0,0,0,22.7188671875,18639,19.828858385945402,1012.4464411781195,6.6923255989445565
1676507985.0714784,0,0,0,22.7372265625,19258,19.783890082333244,1012.4475114741379,6.683408930535599
1676507986.2642767,0,0,0,22.7540234375,19741,19.75418375931916,1012.4492875368015,6.66861251574892
1676507987.4648018,0,0,0,22.7692578125,20065,19.73972994503305,1012.4568851235566,6.6053171006145455
1676507988.6639316,0,0,0,22.7829296875,20590,19.704738047794734,1012.4583688109689,6.592956561311589
1676507989.863212,0,0,0,22.7958203125,20942,19.695263162690665,1012.4550899121257,6.620272953413334
1676507991.0629885,0,0,0,22.8067578125,21225,19.660122729260777,1012.4569577308644,6.604712211754417
1676507992.262627,0,0,0,22.8165234375,21620,19.650468800326696,1012.453387487108,6.634455825209913
1676507993.4614716,0,0,0,22.824921875,21900,19.61519220788069,1012.4440412667166,6.712319360976641
1676507994.6615615,0,0,0,22.8341015625,22254,19.600398984947567,1012.4445722949453,6.707895339345185
1676507995.861643,0,0,0,22.8425,22481,19.580454871916412,1012.4488675556033,6.672111385903793
1676507997.0621066,0,0,0,22.8508984375,22666,19.570726201919975,1012.4446359334444,6.707365164081885
1676507998.2626486,0,0,0,22.8594921875,23045,19.55590308798025,1012.4475631492846,6.682978423518248
1676507999.4626944,0,0,0,22.8673046875,24274,19.546141890048172,1012.4491387943827,6.66985169110955
1676508000.663284,0,0,0,22.8751171875,24517,19.54148670626002,1012.4473034051304,6.685142359111387
1676508001.863993,0,0,0,22.8817578125,24723,19.521448501723626,1012.4468515959638,6.688906394602885
1676508003.0641797,0,0,0,22.8883984375,25018,19.51162166307674,1012.4481050149298,6.678464127583611
1676508004.2637012,0,0,0,22.8958203125,25132,19.496736299773474,1012.442182271375,6.727806755107816
1676508005.4634101,0,0,0,22.903828125,25466,19.502301343204785,1012.4457999604529,6.697667606323466
1676508006.663933,0,0,0,22.9110546875,25703,19.487405310004252,1012.4480661970788,6.678787519985341
1676508007.8634396,0,0,0,22.9180859375,25839,19.482706184740238,1012.4465834129968,6.691140635454716
1676508009.0685086,0,0,0,22.925703125,26068,19.483144391594976,1012.4427027340306,6.72347074930287
1676508010.2681892,0,0,0,22.931953125,26223,19.488607842898453,1012.4466903785678,6.6902495018126364
1676508011.4684687,0,0,0,22.938984375,26192,19.499221076922623,1012.4435013065802,6.716817796694903
1676508012.6687708,0,0,0,22.9462109375,26427,19.499637190793948,1012.4355329841234,6.783202527449129
1676508013.8686962,0,0,0,22.951875,26764,19.489754429219126,1012.4402123233235,6.744218527598185
1676508015.0687327,0,0,0,22.958125,26829,19.500323285530783,1012.4459049913344,6.696792590096633
1676508016.2617037,0,0,0,22.9649609375,27059,19.5058219507181,1012.4423771655804,6.726183079504376
1676508017.4615946,0,0,0,22.9716015625,27193,19.490890011602172,1012.4402169206064,6.74418022729102
1676508018.6556466,0,0,0,22.977265625,27311,19.526953547113084,1012.4414845045244,6.733619895699321
1676508019.855327,0,0,0,22.9821484375,27515,19.56298373458567,1012.4362837760997,6.776947601483542
1676508021.0551198,0,0,0,22.9878125,27532,19.599070756457163,1012.4409624712811,6.7379689904063875
1676508022.2546532,0,0,0,22.99328125,27810,19.604496689150206,1012.4367747678133,6.772857100531617
1676508023.447611,0,0,0,22.9985546875,27916,19.59458300510047,1012.4339548064326,6.796350502016789
1676508024.640751,0,0,0,23.00578125,28111,19.595001111681512,1012.4379239225984,6.763283383642746
1676508025.84027,0,0,0,23.0114453125,28273,19.59532883907078,1012.4306618958766,6.823784161004848
1676508027.0392244,0,0,0,23.017109375,28493,19.585438056821648,1012.4268111455557,6.855865346054482
1676508028.232282,0,0,0,23.02296875,28622,19.58066795504201,1012.4284153158075,6.842500748340887
1676508029.4317539,0,0,0,23.0284375,28715,19.580984219966894,1012.4293438281738,6.834765171855053
1676508030.6316972,0,0,0,23.0325390625,28809,19.57611250679199,1012.4330253088791,6.804094257696393
1676508031.8313417,0,0,0,23.0378125,28809,19.561091765505143,1012.4336158751964,6.799174178156193
1676508033.0261786,0,0,0,23.0430859375,29056,19.566504910489705,1012.4342063267339,6.794255057189817
1676508034.2248976,0,0,0,23.0481640625,29171,19.551473669833364,1012.4310471922734,6.820574203710311
1676508035.4247296,0,0,0,23.05265625,29424,19.531302954925273,1012.4371098212449,6.770065737884938
1676508036.624862,0,0,0,23.0563671875,29582,19.531517134047842,1012.4281743885488,6.8445079505876105
1676508037.8257694,0,0,0,23.0606640625,29642,19.521551132631785,1012.4236638263063,6.882086213519877
1676508039.0264468,0,0,0,23.0641796875,29842,19.506434447333202,1012.4246257058943,6.8740726193332105
1676508040.2262745,0,0,0,23.067890625,29964,19.4913307081183,1012.4276311989463,6.849033348581678
1676508041.4256728,0,0,0,23.07140625,30004,19.486427763315344,1012.428592997293,6.8410204566558575
1676508042.6187634,0,0,0,23.0751171875,30169,19.4611170248858,1012.4264806498101,6.858618760845873
1676508043.8185513,0,0,0,23.0790234375,30189,19.440925913821136,1012.421294092648,6.901828922897808
1676508045.0184898,0,0,0,23.08234375,30418,19.420704235073135,1012.4202120080527,6.910843991369702
1676508046.2180433,0,0,0,23.0864453125,30524,19.405632534409417,1012.4136570170645,6.965455131091591
1676508047.4176824,0,0,0,23.090546875,30608,19.380359911349725,1012.4224555595042,6.892152513236374
1676508048.6179504,0,0,0,23.093671875,30694,19.365236751910082,1012.4295654214809,6.8329190454563875
1676508049.8179364,0,0,0,23.0966015625,30952,19.350104130727757,1012.4243956879701,6.875988940027755
1676508051.01791,0,0,0,23.09875,31039,19.33492854120324,1012.4212868915279,6.901888916883073
1676508052.2176378,0,0,0,23.1028515625,31149,19.32496515580546,1012.4283794272593,6.842799741360359
1676508053.4178865,0,0,0,23.1075390625,31149,19.31503593622017,1012.4262491342432,6.860547555811114
1676508054.6179826,0,0,0,23.111640625,31326,19.29487816161883,1012.4316356154314,6.815671971337455
1676508055.81813,0,0,0,23.1149609375,31415,19.269582171566057,1012.4356711374944,6.782051557077425
1676508057.0186946,0,0,0,23.11828125,31595,19.25957880443176,1012.4362945720488,6.776857659335484
1676508058.2130713,0,0,0,23.121015625,31527,19.244447052756968,1012.4461410398525,6.694826061273007
1676508059.414121,0,0,0,23.12296875,31686,19.24965408394804,1012.4392821184373,6.751968137366017
1676508060.6146233,0,0,0,23.1251171875,31846,19.234490008223517,1012.4395851058514,6.749443924856183
1676508061.815279,0,0,0,23.127265625,31892,19.224422404390896,1012.4381820108038,6.761133227676302
1676508063.0072687,0,0,0,23.128828125,31915,19.199040089290133,1012.4391778213138,6.7528370452341155
1676508064.20719,0,0,0,23.1313671875,32195,19.20427837017415,1012.4401562224017,6.74468590860808
1676508065.400077,0,0,0,23.1329296875,32289,19.18399307392195,1012.4411520153814,6.736389885311356
1676508066.599559,0,0,0,23.1333203125,32455,19.17892227017522,1012.445239642763,6.702335635336563
1676508067.7998035,0,0,0,23.133515625,32623,19.173840577556884,1012.4489895391052,6.671095139252171
1676508068.9992614,0,0,0,23.1344921875,32575,19.17389606277224,1012.4489721353225,6.671240130462962
1676508070.1985066,0,0,0,23.1348828125,32672,19.15864113644467,1012.4394111010286,6.750893572953702
1676508071.3982427,0,0,0,23.13546875,32793,19.148490734137116,1012.4455425553493,6.699812058247073
1676508072.598028,0,0,0,23.13546875,32866,19.153582460100598,1012.4455425553493,6.699812058247073
1676508073.7987003,0,0,0,23.1360546875,32940,19.138341174594217,1012.4414374959099,6.734011527613663
1676508074.997852,0,0,0,23.137421875,33088,19.138418728397667,1012.4403894434037,6.74274292698844
1676508076.197263,0,0,0,23.1391796875,33014,19.13851844206723,1012.4366046497848,6.774274370613991
1676508077.3972507,0,0,0,23.1407421875,33163,19.128425014506153,1012.4410125901975,6.737551446199288
1676508078.589608,0,0,0,23.1423046875,33238,19.13360455353361,1012.4403022305579,6.743469503692049
1676508079.7894094,0,0,0,23.1438671875,33263,19.14387575532743,1012.4412979642525,6.735173975273925
1676508080.989123,0,0,0,23.1438671875,33439,19.133693171505175,1012.4395918565807,6.749387683993961
1676508082.1887083,0,0,0,23.1438671875,33541,19.13878435418702,1012.4378857490103,6.7636014112635765
1676508083.381469,0,0,0,23.1446484375,33902,19.128646506384587,1012.4409427739262,6.738133090451312
1676508084.5805087,0,0,0,23.1454296875,33798,19.11850949106492,1012.4371753566194,6.769519756410184
1676508085.7800798,0,0,0,23.1458203125,33772,19.12871295572018,1012.4361446999864,6.778106258749343
1676508086.9730008,0,0,0,23.1469921875,33980,19.108417566702343,1012.434758834268,6.789652054266072
1676508088.172424,0,0,0,23.1473828125,33928,19.108439696076875,1012.4337281710436,6.798238628116351
1676508089.372327,0,0,0,23.1477734375,33954,19.10337190146466,1012.434403623489,6.792611355318231
1676508090.5723035,0,0,0,23.146796875,34085,19.098226898425985,1012.4361272227283,6.778251863577706
1676508091.7714167,0,0,0,23.1473828125,34244,19.09317059486229,1012.4371404043283,6.769810947286014
1676508092.9649105,0,0,0,23.14796875,34324,19.08302544146171,1012.4364474679642,6.775583868050484
1676508094.1641557,0,0,0,23.1469921875,34324,19.082970183042082,1012.4313466033253,6.81807976972984
1676508095.3636718,0,0,0,23.1477734375,34431,19.083014389732448,1012.4309913884695,6.8210391128175445
1676508096.563565,0,0,0,23.1469921875,34431,19.077881361683872,1012.434758834268,6.789652054266072
1676508097.7577145,0,0,0,23.1462109375,34593,19.082925976714446,1012.4368201550475,6.772478975035074
1676508098.9567344,0,0,0,23.1438671875,34648,19.082793359907885,1012.4293552126758,6.8346703258848995
1676508100.156263,0,0,0,23.14328125,34894,19.072582881044703,1012.4300481401448,6.828897446486634
1676508101.3564186,0,0,0,23.143671875,34730,19.077693531624572,1012.4375480203016,6.766415060156166
1676508102.5571697,0,0,0,23.1423046875,34730,19.067439329560283,1012.4385961270642,6.757683188921199
1676508103.7573338,0,0,0,23.1423046875,35033,19.07252765142037,1012.4403022305579,6.743469503692049
1676508104.9512682,0,0,0,23.1442578125,35061,19.06246163382275,1012.4368550979998,6.772187861886367
1676508106.151523,0,0,0,23.1438671875,35061,19.047176490074467,1012.4378857490103,6.7636014112635765
1676508107.3513024,0,0,0,23.14328125,35089,19.05223085220562,1012.4385786689616,6.757828633880623
1676508108.5516255,0,0,0,23.1426953125,35173,19.052197745654308,1012.4358593773154,6.780483311391258
1676508109.7518623,0,0,0,23.1430859375,35314,19.047132358210522,1012.434828729069,6.789069752899211
1676508110.9509947,0,0,0,23.1430859375,35342,19.05730749357996,1012.4399470453615,6.746428578492476
1676508112.1516519,0,0,0,23.1423046875,35399,19.057263341216746,1012.4403022305579,6.743469503692049
1676508113.3522644,0,0,0,23.14171875,35570,19.0572302271821,1012.4341707352568,6.794551573891935
1676508114.5534446,0,0,0,23.1415234375,35627,19.067395156698762,1012.4321269059063,6.811578966157676
1676508115.7540932,0,0,0,23.1415234375,35570,19.067395156698762,1012.4406574121698,6.7405104595976
1676508116.953682,0,0,0,23.1411328125,35917,19.067373070403935,1012.4365697507319,6.774565118091351
1676508118.1536016,0,0,0,23.140546875,35743,19.072428239524143,1012.4423809583915,6.726151481368925
1676508119.3539784,0,0,0,23.14015625,35801,19.087672338529476,1012.4417054958541,6.731778802339848
1676508120.5540886,0,0,0,23.14015625,35801,19.087672338529476,1012.4417054958541,6.731778802339848
1676508121.753828,0,0,0,23.1395703125,35947,19.09272833750098,1012.4372801098111,6.768647047605517
1676508122.9534783,0,0,0,23.1395703125,36005,19.097817715153266,1012.4389862060183,6.754433408117891
1676508124.1531804,0,0,0,23.1391796875,36094,19.092706225585534,1012.4366046497848,6.774274370613991
1676508125.352816,0,0,0,23.138984375,36212,19.10287412778241,1012.4362669198276,6.77708803279495
1676508126.5521157,0,0,0,23.138984375,35976,19.097784539492352,1012.4430912988444,6.720233593558811
1676508127.751621,0,0,0,23.13859375,36272,19.09776242249852,1012.4407097409254,6.740074504958665
1676508128.9523559,0,0,0,23.1376171875,36452,19.09770713041095,1012.4373149929817,6.768356432608288
1676508130.1520529,0,0,0,23.1364453125,36573,19.077284747667584,1012.4387007849597,6.756811275031771
1676508131.3450763,0,0,0,23.1360546875,36725,19.072174195239427,1012.4294948884422,6.833506666531965
1676508132.5451972,0,0,0,23.136640625,36603,19.082384478638637,1012.4339202514166,6.796638383901366
1676508133.7447417,0,0,0,23.13546875,36664,19.061964817172665,1012.4284817020675,6.8419476742082725
1676508134.944763,0,0,0,23.1348828125,36756,19.056843911836275,1012.427468516027,6.8503886859449175
1676508136.144891,0,0,0,23.133515625,36971,19.04659177226675,1012.4199861786012,6.912725423782421
1676508137.345323,0,0,0,23.132734375,36909,19.04654764520114,1012.4220474261207,6.895552751997467
1676508138.5458696,0,0,0,23.131953125,36971,19.046503518497683,1012.4292268924205,6.83573938092408
1676508139.7457685,0,0,0,23.1313671875,37002,19.031209828465872,1012.4282137019658,6.844180424405164
1676508140.9447646,0,0,0,23.1313671875,37127,19.046470423707746,1012.4282137019658,6.844180424405164
1676508142.144142,0,0,0,23.1298046875,37158,19.031121639267177,1012.4323361420539,6.809835792944261
1676508143.3435051,0,0,0,23.1282421875,37221,19.036120056416337,1012.4364585519028,6.775491526642855
1676508144.5486283,0,0,0,23.1262890625,37252,19.030923218862853,1012.4416115216903,6.732561707264412
1676508145.7539527,0,0,0,23.1251171875,37410,19.025770735636574,1012.4412911640942,6.735230627854158
1676508146.9545665,0,0,0,23.1231640625,37506,19.040920144003724,1012.4362077490904,6.777580990226659
1676508148.1536062,0,0,0,23.120625,37634,19.035690060174755,1012.4318171908519,6.814159242582777
1676508149.3539066,0,0,0,23.1175,37506,19.030427199914502,1012.4281194728619,6.844965461719448
1676508150.5541284,0,0,0,23.113203125,37602,19.03527112257783,1012.4172772618545,6.935294002505918
1676508151.7540238,0,0,0,23.1110546875,37602,19.030063481797196,1012.4152682200502,6.952031801374504
1676508152.9481,0,0,0,23.1102734375,37730,19.040192344973363,1012.4105052527186,6.991713307723976
1676508154.1475859,0,0,0,23.1091015625,37763,19.050299977439302,1012.408478861568,7.00859573962271
1676508155.3471072,0,0,0,23.1087109375,37698,19.045190914724405,1012.4078033981484,7.014223220526555
1676508156.5470662,0,0,0,23.1079296875,37602,19.045146799157596,1012.4064524717546,7.025478187743101
1676508157.7462845,0,0,0,23.105,37957,19.060242874570363,1012.411622522258,6.982405034149675
1676508158.9459786,0,0,0,23.1040234375,38155,19.050013163777766,1012.40993385184,6.996473805619546
1676508160.1450562,0,0,0,23.1024609375,38056,19.049924916499727,1012.405525984605,7.033197033151821
1676508161.344623,0,0,0,23.1012890625,37957,19.04477183146322,1012.4069115729982,7.021653278177565
1676508162.5443041,0,0,0,23.099921875,38188,19.039607971664527,1012.407959415461,7.012923394951713
1676508163.7451134,0,0,0,23.0993359375,38188,19.049748426291053,1012.4137701651628,6.964512465798737
1676508164.945046,0,0,0,23.09875,38188,19.054802420133885,1012.4178749165327,6.930314806278667
1676508166.14466,0,0,0,23.0977734375,38420,19.04457332974868,1012.4213041799334,6.901744883694886
1676508167.3383946,0,0,0,23.0981640625,38188,19.049682243957232,1012.4219796595196,6.89611732886833
1676508168.5388644,0,0,0,23.0966015625,38555,19.03942054463526,1012.4107478342515,6.9896922949034215
1676508169.7390435,0,0,0,23.096796875,38420,19.044518191685196,1012.4025556631683,7.057943720381697
1676508170.9383543,0,0,0,23.0966015625,38487,19.059768333463357,1012.4107478342515,6.9896922949034215
1676508172.1380494,0,0,0,23.095234375,38420,19.04951679168897,1012.4117956324861,6.980962806937686
1676508173.3381488,0,0,0,23.0940625,38622,19.04945061220819,1012.4165931061896,6.94099386092584
1676508174.538078,0,0,0,23.0940625,38724,19.059624875793233,1012.4131811564648,6.969419646499887
1676508175.7381296,0,0,0,23.0934765625,38758,19.069766892542134,1012.4172858610112,6.935222360968697
1676508176.9381843,0,0,0,23.0925,38792,19.064624034698376,1012.4053613385423,7.034568750031109
1676508178.1377766,0,0,0,23.0915234375,38895,19.05439421480621,1012.4122024947242,6.977573130541162
1676508179.337736,0,0,0,23.0909375,39102,19.079799299760413,1012.4111892775852,6.986014511266323
1676508180.5413911,0,0,0,23.0911328125,38929,19.074722269082816,1012.4115270165944,6.983200717240122
1676508181.7417889,0,0,0,23.0895703125,38963,19.084810257905453,1012.41735492013,6.934647013721051
1676508182.9416893,0,0,0,23.088984375,38963,19.07968884969335,1012.4248715051567,6.872024821862989
1676508184.141747,0,0,0,23.0883984375,39102,19.089832449173677,1012.4204463526958,6.9088916174708
1676508185.3428352,0,0,0,23.0878125,39102,19.08471083071814,1012.4143152489897,6.959971236384685
1676508186.5428576,0,0,0,23.0880078125,39136,19.084721878092672,1012.4129470312421,6.971370203696454
1676508187.7429092,0,0,0,23.08859375,39171,19.10002111237024,1012.4207840955012,6.906077812651489
1676508188.9431357,0,0,0,23.088984375,39346,19.10513236244853,1012.4197536194084,6.9146629234325
1676508190.1438022,0,0,0,23.089375,39487,19.10515447833935,1012.4153112161625,6.951673590390913
1676508191.3434958,0,0,0,23.08859375,39241,19.115289170613572,1012.4139602531279,6.962928795287189
1676508192.5435362,0,0,1,23.089375,39311,19.12551324183866,1012.4084873668497,7.008524879682828
1676508193.7429469,0,0,1,23.0895703125,39487,19.13570500801788,1012.4088251055617,7.005711082054002
1676508194.9427547,0,0,1,23.0895703125,39629,19.14588657967198,1012.4071191429516,7.019923951367365
1676508196.1421325,0,0,0,23.0899609375,39522,19.140817837116636,1012.4129125107604,6.971657802701156
1676508197.3417573,0,0,0,23.090546875,39629,19.145941974136026,1012.4139257305515,6.963216411512634
1676508198.5428176,0,0,0,23.0911328125,39700,19.145975211087396,1012.4115270165944,6.983200717240122
1676508199.7422779,0,0,0,23.0911328125,39700,19.145975211087396,1012.4149389506766,6.954775024384448
1676508200.9428427,0,0,0,23.0919140625,39772,19.14092860101284,1012.4145839421326,6.9577326874726975
1676508202.1423836,0,0,0,23.0915234375,39843,19.145997369168704,1012.4122024947242,6.977573130541162
1676508203.3416152,0,0,0,23.092109375,40133,19.15621311973512,1012.4115097426334,6.983344631211939
1676508204.5416102,0,0,1,23.092109375,39952,19.15621311973512,1012.4046858653899,7.040196326050156
1676508205.7407591,0,0,1,23.0925,39952,19.166418686036813,1012.4002434284625,7.077207719631426
1676508206.9415655,0,0,1,23.093671875,39879,19.181762005809475,1012.4039758123172,7.046112001376127
1676508208.1422985,0,0,1,23.0934765625,40024,19.171566173832364,1012.3951082145818,7.119991028229629
1676508209.3419344,0,0,1,23.0946484375,40133,19.17672500176873,1012.3988405889835,7.088895261018989
1676508210.5416317,0,0,1,23.0950390625,40207,19.186932404994288,1012.4012220332583,7.069054632031456
1676508211.73473,0,0,1,23.095625,40097,19.186965706046845,1012.3988232804311,7.0890394646428305
1676508212.9346764,0,0,0,23.0966015625,40170,19.171743653840554,1012.4056298907766,7.032331359043111
1676508214.134174,0,0,0,23.0971875,40170,19.18196176543343,1012.4066430967051,7.023890034183244
1676508215.3344843,0,0,0,23.098359375,40391,19.182028353615078,1012.4103754954365,6.992794351142127
1676508216.5280378,0,0,0,23.09875,40502,19.187143315124164,1012.4093449808155,7.001379854382853
1676508217.7290225,0,0,0,23.098359375,40465,19.182028353615078,1012.4103754954365,6.992794351142127
1676508218.9301522,0,0,0,23.0989453125,40391,19.182061648013455,1012.4165066670075,6.941714005885916
1676508220.1306324,0,0,0,23.0993359375,40502,19.18208384439295,1012.4205941207624,6.907660531203868
1676508221.3313382,0,0,0,23.0989453125,40502,19.187154415885193,1012.4130946915496,6.970140007809399
1676508222.5314176,0,0,0,23.0997265625,40726,19.182106040863577,1012.4144456389242,6.958884925589389
1676508223.7314858,0,0,0,23.1012890625,40576,19.192380644399474,1012.4171475354565,6.936374782765119
1676508224.9314713,0,0,0,23.101484375,40651,19.177113342832943,1012.4140732837292,6.961987109115918
1676508226.131404,0,0,0,23.1003125,40651,19.182139335740374,1012.4120468673034,6.978869703418225
1676508227.3309872,0,0,0,23.1003125,40877,19.192325126427647,1012.4103408761843,6.99308277362222
1676508228.530684,0,0,0,23.101484375,40802,19.187298727852177,1012.4174852726898,6.933561016944713
1676508229.723648,0,0,0,23.101484375,40915,19.192391748062217,1012.4191912673218,6.919347998683483
1676508230.9240873,0,0,0,23.101875,40915,19.19241395545607,1012.4113367654729,6.984785750129542
1676508232.1232684,0,0,0,23.102265625,40839,19.192436162941103,1012.4120122359211,6.979158226570029
1676508233.3239384,0,0,0,23.1028515625,40953,19.197562731254834,1012.4164374379163,6.942290769600023
1676508234.5174446,0,0,0,23.104609375,40915,19.212943842023037,1012.4228890734801,6.88854082502348
1676508235.7174723,0,0,0,23.106171875,41106,19.213032758438754,1012.4255909774406,6.8660307723238905
1676508236.9170456,0,0,0,23.106953125,41068,19.22836042907682,1012.4269419303124,6.854775756786892
1676508238.1161861,0,0,0,23.106953125,41260,19.21817140268916,1012.4201178928867,6.911628084466522
1676508239.3092337,0,0,0,23.1079296875,41260,19.223321406661924,1012.4201005623358,6.911772468910634
1676508240.5084407,0,0,0,23.108515625,41260,19.213166135799916,1012.4125837045175,6.97439717241343
1676508241.7082298,0,0,0,23.108515625,41221,19.223354766942936,1012.4142897173942,6.960183946435283
1676508242.9080067,0,0,0,23.1087109375,41376,19.20808326024959,1012.4060973851415,7.02843652132807
1676508244.1077194,0,0,0,23.1102734375,41376,19.21836040076493,1012.4105052527186,6.991713307723976
1676508245.3076923,0,0,0,23.1118359375,41532,19.21844934331771,1012.4097950666358,6.997630063660228
1676508246.5075095,0,0,0,23.1133984375,41610,19.218538287330855,1012.4090848662177,7.003546942385945
1676508247.7071335,0,0,0,23.1141796875,41571,19.22877197907841,1012.4070237331542,7.020718838636995
1676508248.9066284,0,0,0,23.1159375,41610,19.223777348281935,1012.4117693324785,6.981181919261164
1676508250.1067724,0,0,0,23.1173046875,41493,19.22894995632603,1012.409015338187,7.004126200081096
1676508251.3065546,0,0,0,23.1184765625,41926,19.234111693916688,1012.4161598304553,6.944603582474679
1676508252.5067399,0,0,0,23.11984375,41689,19.22909456714284,1012.4202299904416,6.910694176337727
1676508253.7064273,0,0,0,23.121015625,41807,19.22406650187112,1012.4120201047186,6.9790926695463
1676508254.9062514,0,0,0,23.1219921875,41807,19.213933119376716,1012.4137087484983,6.9650241434831
1676508256.1056583,0,0,0,23.1216015625,41926,19.20881672398508,1012.4215635288873,6.899584195602296
1676508257.305238,0,0,0,23.1235546875,41847,19.20892786352067,1012.4164105804765,6.942514525209869
1676508258.504957,0,0,0,23.12375,41966,19.203845004941996,1012.4235725233845,6.882846875124889
1676508259.7044108,0,0,0,23.1235546875,41926,19.21402205203494,1012.4232347920805,6.8856605778501425
1676508260.904237,0,0,0,23.1235546875,42167,19.198740141879874,1012.4249408452343,6.871447137387854
1676508262.097392,0,0,0,23.12453125,42006,19.2089834341437,1012.4283355607299,6.843165200180447
1676508263.297165,0,0,0,23.12453125,42167,19.198795686442846,1012.4249234489716,6.871592068732076
1676508264.4976158,0,0,0,23.1247265625,42127,19.208994548336722,1012.4167309001621,6.939845867355814
1676508265.6971555,0,0,0,23.125703125,42288,19.209050119643937,1012.4218316619597,6.897350325727315
1676508266.8967783,0,0,0,23.1255078125,42288,19.203945009225194,1012.4249060483895,6.871737036063172
1676508268.0971236,0,0,0,23.125703125,42492,19.203956120926218,1012.4269498384665,6.854709872662542
1676508269.2961297,0,0,0,23.1262890625,42369,19.19380209848056,1012.4245509127334,6.874695734571401
1676508270.495984,0,0,0,23.1262890625,42329,19.19380209848056,1012.4279630337152,6.846268780708435
1676508271.6969934,0,0,0,23.1262890625,42615,19.19380209848056,1012.4279630337152,6.846268780708435
1676508272.8980646,0,0,0,23.12609375,42451,19.20397834439667,1012.4225071222121,6.891722934342793
1676508274.0991087,0,0,0,23.1282421875,42288,19.19391316530621,1012.4296342877332,6.8323453106589795
