Timestamp,PM 1.0,PM 2.5,PM 10,Temperature,Gas,Humidity,Pressure,Altitude
1677106975.1799068,0,1,1,19.211640625,30293,25.67343458281696,997.3349567624437,133.35427226575447
1677106976.373026,0,1,1,19.2344921875,4024,25.659077650175703,997.3367865644555,133.33884138073836
1677106977.5660872,0,1,1,19.2825390625,5459,25.61988325320999,997.3546218828593,133.18843573637764
1677106978.7591696,0,1,1,19.32921875,6931,25.56463079173759,997.3802806429591,132.97205865108972
1677106979.952281,0,1,1,19.371015625,8077,25.49840886552363,997.4196146894054,132.64036835266378
1677106981.1520743,0,1,1,19.4059765625,8980,25.42641296985485,997.4608083972157,132.2930075324097
1677106982.3508797,0,1,1,19.4341015625,9814,25.375228329363818,997.5208185618327,131.78700006461685
1677106983.5506198,0,1,1,19.464375,10539,25.302957326084844,997.5760305568624,131.32147267378744
1677106984.749716,0,1,1,19.4985546875,11182,25.252234837228727,997.6108003621168,131.02831707179516
1677106985.9493976,0,1,1,19.5301953125,12274,25.190731071063713,997.6242652190391,130.91479268069574
1677106987.1424522,0,1,2,19.555390625,12922,25.118187846957692,997.6097366056741,131.0372858276582
1677106988.3441222,0,1,2,19.5688671875,13426,25.07138165184474,997.5819294913625,131.27173624462378
1677106989.5432208,0,1,2,19.575703125,13997,25.02412839410196,997.5529297915465,131.51624735725557
1677106990.7429821,0,1,2,19.5798046875,14485,24.971401226302408,997.5345120819429,131.67153935540034
1677106991.9427307,0,0,1,19.5786328125,14997,24.93422428935113,997.5138520945661,131.8457402562805
1677106993.1425636,0,0,1,19.57921875,15482,24.913072240309855,997.5029839906671,131.93737911749653
1677106994.3424265,0,0,1,19.573359375,15988,24.886180702043575,997.4912600579702,132.03623515553772
1677106995.5415857,0,1,2,19.5591015625,16368,24.858714632808,997.4804248616689,132.12759821712802
1677106996.7414746,0,1,2,19.53625,16831,24.830662408677387,997.4904916988169,132.0427139821188
1677106997.941113,0,1,2,19.5110546875,17266,24.79716488040716,997.4948483652826,132.00597849809748
1677106999.1401863,0,1,2,19.4837109375,17569,24.752950783319758,997.4972201928659,131.98597926312206
1677107000.3388906,0,1,2,19.4493359375,18029,24.713561658533155,997.4892488678744,132.0531935770909
1677107001.5386713,0,1,1,19.406953125,18452,24.673640753435738,997.4963878151459,131.99299786233448
1677107002.737932,0,1,1,19.344453125,18702,24.627077948017646,997.5046805707988,131.92307365525127
1677107003.937152,0,1,1,19.302265625,19108,24.61890718457405,997.5223029318669,131.7744841253472
1677107005.136764,0,0,1,19.2505078125,19479,24.594239766694987,997.5438699249798,131.5926368469944
1677107006.3364244,0,0,1,19.2055859375,19741,24.596451745997577,997.5584828672559,131.46942612638136
1677107007.5365674,0,0,1,19.169453125,20047,24.572863658234024,997.5677972320909,131.39089173970615
1677107008.737656,0,0,1,19.13625,20437,24.57059851753384,997.58720556275,131.2272516413871
1677107009.9380505,0,0,1,19.1016796875,20609,24.57351989855467,997.6076550177468,131.05483615873445
1677107011.138018,0,0,1,19.06125,20942,24.554928949383953,997.6112846201212,131.02423419256525
1677107012.3383482,0,0,0,19.011640625,21348,24.530443110246644,997.6076572041231,131.0548177248954
1677107013.53815,0,0,0,18.9563671875,21706,24.495033683442024,997.5739882076937,131.33869264497565
1677107014.738231,0,0,0,18.8923046875,21922,24.453774810594197,997.5421990831221,131.6067248373507
1677107015.9319074,0,0,0,18.8216015625,22120,24.385746737751052,997.4939428947789,132.01361342973073
1677107017.1311946,0,0,0,18.7346875,22643,24.35880826373362,997.4365392794143,132.4976524455118
1677107018.3302407,0,0,0,18.6442578125,22783,24.30006792958297,997.3781764980052,132.98980247024429
1677107019.5293126,0,0,0,18.5555859375,24010,24.28358236081187,997.3024877143698,133.62809048225586
1677107020.7281554,0,0,0,18.4692578125,24248,24.246226574155216,997.2206427756989,134.3183378556927
1677107021.9269934,0,0,0,18.37609375,24504,24.229468824189468,997.1287704988129,135.09320642251996
1677107023.1263123,0,0,0,18.278828125,24627,24.21770513817014,997.040015740926,135.84183613114595
1677107024.3268151,0,0,0,18.1755078125,25089,24.21080186373782,996.9374908494298,136.70668149964558
1677107025.5199046,0,0,0,18.0563671875,25189,24.223867188171702,996.851839569561,137.4292452830033
1677107026.7194247,0,0,0,17.9243359375,25349,24.251837028033123,996.7745213876665,138.08155329162454
1677107027.9185867,0,0,0,17.774140625,25748,24.283850490269348,996.7201533625691,138.54026292759434
1677107029.1174283,0,0,0,17.6153515625,25930,24.325800704346566,996.6712746609273,138.95267576931144
1677107030.316797,0,0,0,17.4815625,26114,24.395698144769064,996.6212053716663,139.3751511449242
1677107031.5168839,0,0,0,17.342109375,26317,24.49677989908009,996.5850305225468,139.68039850573737
1677107032.71627,0,0,0,17.2055859375,26506,24.5717916794397,996.5453602319853,140.0151511003526
1677107033.9165542,0,0,0,17.0680859375,26747,24.67833419361465,996.5225325375114,140.20778452623432
1677107035.1163998,0,0,0,16.92609375,27010,24.742492407409276,996.4885531107777,140.49452940333313
1677107036.315561,0,0,0,16.783515625,27243,24.84349251258546,996.4619383047083,140.71913140245675
1677107037.5144393,0,0,0,16.6485546875,27464,24.939775966391842,996.4348038102535,140.94812404565528
1677107038.7142026,0,0,0,16.5141796875,27688,25.051957307130035,996.4136693228529,141.1264851002329
1677107039.9132009,0,0,0,16.3782421875,27933,25.169365758254774,996.3931597608992,141.29957512727688
1677107041.112833,0,0,0,16.2376171875,28255,25.281235953771258,996.3780336116828,141.42723380144338
1677107042.3110986,0,0,0,16.091328125,28438,25.382204983940596,996.3682902733582,141.50946452676004
1677107043.51003,0,0,0,15.938984375,28622,25.50923718494199,996.3598728108861,141.58050579916917
1677107044.702617,0,0,1,15.78703125,28809,25.620493623345805,996.3486569525214,141.6751655863142
1677107045.9023223,0,0,1,15.639765625,29037,25.732123112386336,996.3504473809099,141.66005464128273
1677107047.0966318,0,0,1,15.4940625,29346,25.875703492646245,996.3447144429373,141.7084398489344
1677107048.297009,0,0,1,15.3528515625,29503,26.00908867071757,996.3499732498458,141.66405623367572
1677107049.496302,1,1,2,15.2137890625,29741,26.14270857112311,996.3470417806424,141.68879741175888
1677107050.6961565,1,1,2,15.07375,29923,26.25510174060285,996.3625577123822,141.55784585105775
1677107051.895591,1,1,2,14.9368359375,30231,26.357140304886954,996.3681966873528,141.51025436650616
1677107053.0947182,1,1,2,14.8055859375,30231,26.480888553255042,996.3716986619579,141.48069871992425
1677107054.2942045,1,1,2,14.677265625,30418,26.557027832794297,996.3767916601996,141.43771544695866
1677107055.494719,1,2,2,14.5508984375,30524,26.691880542858573,996.3784366197489,141.42383255354866
1677107056.6944544,1,2,2,14.4442578125,30694,26.81755636558267,996.3802643020789,141.40840756441023
1677107057.8934462,1,2,2,14.3528515625,30887,26.94439102571685,996.3729002117984,141.47055800830617
1677107059.0924296,1,2,3,14.268671875,30865,27.103857406804753,996.3762401402148,141.4423700902911
1677107060.292212,1,2,3,14.19875,31193,27.232428677476715,996.3788303222609,141.42050984236909
1677107061.4910924,1,2,3,14.1403515625,31237,27.361922289080002,996.3793470875529,141.416148526082
1677107062.689981,1,2,3,14.0950390625,31303,27.492458458435614,996.3754415570942,141.44910986716232
1677107063.8888643,1,2,3,14.059296875,31460,27.62379470921288,996.3778916327599,141.42843205443066
1677107065.087713,1,2,3,14.0266796875,31618,27.750110553237686,996.3840268307658,141.37665323197032
1677107066.287454,1,3,3,14.0003125,31663,27.83941479864417,996.3807279492788,141.4044945505078
1677107067.4878054,1,3,3,13.98078125,31961,27.966865485434155,996.3858162735314,141.36155103953564
1677107068.688606,1,3,3,13.96515625,31961,28.078586728956626,996.3858510315927,141.3612576953975
1677107069.8885503,1,3,3,13.9516796875,32078,28.16903306933251,996.379492357248,141.414922501567
1677107071.0881684,1,3,3,13.9348828125,32242,28.2862151323987,996.3892772648846,141.33234169742457
1677107072.2876425,1,3,3,13.9219921875,32360,28.37145067693089,996.3906481131739,141.32077232496252
1677107073.4868946,1,3,3,13.9110546875,32623,28.51619927010096,996.4004188636787,141.2383117485719
1677107074.687113,1,3,3,13.8997265625,32696,28.612485742496027,996.4128788789321,141.13315598202698
1677107075.8800008,1,3,3,13.8907421875,32817,28.68740851034878,996.4276868617609,141.00818602798927
1677107077.0741854,1,3,3,13.880390625,32866,28.76227022990431,996.4401433176153,140.90306263006414
1677107078.2738361,1,3,3,13.8690625,32940,28.874949916912946,996.4492389680958,140.82630264926826
1677107079.4728222,1,3,3,13.8555859375,33213,28.944268313679586,996.4596817942027,140.73817428836605
1677107080.671726,1,3,3,13.84640625,33138,29.024768174170898,996.4691083693547,140.65862284298692
1677107081.870715,1,3,3,13.836640625,33313,29.078187887336533,996.4708039474276,140.64431382038367
1677107083.0697,1,3,3,13.8294140625,33439,29.164330253463792,996.4835878726781,140.53643061393328
1677107084.2704809,1,2,2,13.820625,33695,29.22871929165143,996.4970457303361,140.4228613205739
1677107085.4713538,1,2,2,13.810859375,33669,29.303913662899898,996.5189073767725,140.2383760797546
1677107086.6708744,1,2,2,13.798359375,33772,29.368086620762252,996.541107442813,140.0510383497946
1677107087.8699214,1,2,2,13.7852734375,33954,29.453965233319433,996.6009515234608,139.54605424130287
1677107089.0696373,1,2,2,13.77921875,33928,29.556731787138673,996.6728860024859,138.93907985354687
1677107090.2685335,1,2,2,13.7805859375,33980,29.643822734740667,996.747502027562,138.3095163846277
1677107091.467726,0,0,0,13.790546875,34271,29.742509568166696,996.8251373453209,137.65451851402773
1677107092.667811,0,0,0,13.8055859375,34165,29.80353847263027,996.8963849451419,137.0534492356699
1677107093.8667963,0,0,0,13.824140625,34405,29.859419171130224,996.9518341858908,136.58568442149777
1677107095.0665123,0,0,0,13.842890625,34621,29.909891597010926,997.0177057657166,136.0300250672504
1677107096.2653546,0,0,0,13.8669140625,34512,29.977147585270583,997.0859294671116,135.45455573989227
1677107097.4648771,0,0,0,13.8954296875,34485,30.01205792006495,997.1450760439901,134.95567807895716
1677107098.66394,0,0,0,13.91984375,34621,30.03575399539494,997.1921245102318,134.55886024017647
1677107099.8626153,0,0,0,13.9399609375,34784,30.0427568817098,997.2284187915186,134.25275608633515
1677107101.0616887,0,0,0,13.9606640625,34757,30.060719201776703,997.26067859148,133.98068611845662
1677107102.2603672,0,0,0,13.9770703125,34922,30.072896768570295,997.2754586128596,133.85603800666823
1677107103.4603353,0,0,0,13.99015625,35257,30.05207588300976,997.2693949137398,133.90717636106027
1677107104.6600645,0,0,0,13.9930859375,35399,30.01410927419424,997.2609864022958,133.9780901639987
1677107105.8590736,0,0,0,13.9909375,35513,29.964855945982016,997.2472029731266,134.09433478021086
1677107107.0524304,1,1,1,13.988984375,35427,29.921087235793436,997.2219876392011,134.30699544586074
1677107108.2523854,1,1,1,13.9891796875,35627,29.915650865809912,997.2088745073216,134.41759048122117
1677107109.4531267,1,1,1,13.990546875,35541,29.893952452731696,997.2061832825846,134.44028818665234
1677107110.653139,1,1,1,13.9925,35714,29.86685291403964,997.1792828260446,134.6671685231597
1677107111.8529813,1,1,1,13.99015625,35859,29.80129802236389,997.1399465247421,134.99894256822787
1677107113.0530972,1,2,2,13.9844921875,36005,29.74096617178469,997.088174075685,135.43562292914908
1677107114.2531433,1,2,2,13.974140625,36123,29.723845171597326,997.0501932272978,135.75598820667327
1677107115.453138,0,1,1,13.9575390625,36123,29.668158437472638,997.0249966428389,135.96852473999041
1677107116.6538956,0,1,1,13.941328125,36212,29.634283584024317,997.0088771917967,136.10449672960016
1677107117.8543234,0,1,1,13.92453125,36302,29.60037464979041,996.9833446537073,136.31987433234255
1677107119.0547903,0,2,2,13.9048046875,36452,29.522769881163224,996.9510916639256,136.5919481309433
1677107120.2540286,1,2,2,13.883515625,36542,29.47225614748853,996.9111086602809,136.92923924308772
1677107121.4536984,1,2,2,13.863984375,36633,29.427328206056455,996.8775116907486,137.2126671199745
1677107122.652771,1,2,2,13.8426953125,36694,29.420289923733918,996.8610603730111,137.35145513855196
1677107123.8517272,1,2,2,13.822578125,36909,29.424200660377764,996.8667922763851,137.3030989528735
1677107125.0518732,1,2,2,13.8075390625,36878,29.45021663268279,996.8913416156864,137.09599535511484
1677107126.2516816,1,2,2,13.7981640625,36909,29.465801551796158,996.9357167140763,136.72164779424898
1677107127.4517605,0,2,2,13.7909375,37002,29.50328002865588,996.9972313751474,136.2027334939677
1677107128.6525705,0,2,2,13.784296875,36940,29.529944329399147,997.0631139030827,135.6470022787872
1677107129.8524625,0,2,2,13.773359375,37378,29.51281601263499,997.1014344925555,135.32377474973242
1677107131.0530756,0,2,2,13.758515625,37347,29.495395168362315,997.1229484281185,135.14231284144472
1677107132.2537346,0,2,2,13.741328125,37347,29.483231956181083,997.1084980130041,135.2641962771433
1677107133.4533832,0,2,2,13.7192578125,37442,29.459840446035596,997.0806037837793,135.49947691934864
1677107134.6471024,0,2,2,13.697578125,37570,29.45820363944712,997.0483404248685,135.7716166928776
1677107135.848136,0,2,2,13.6721875,37698,29.445427761305197,997.0096918750974,136.09762460986158
1677107137.0414724,0,2,2,13.6501171875,37860,29.43290488519101,996.9633148515474,136.48883718961451
1677107138.240868,0,1,1,13.630390625,37957,29.442275321691785,996.920971661307,136.8460353070868
1677107139.4401467,0,1,1,13.6126171875,37538,29.440935294628456,996.8819899514461,137.1748875538666
1677107140.6388104,0,1,1,13.5977734375,37860,29.466962373086783,996.853090042754,137.41869578959844
1677107141.8373992,0,1,1,13.5829296875,37957,29.492993450567067,996.8325908364085,137.59163666827325
1677107143.036822,0,1,1,13.570234375,37892,29.51919077584605,996.8191481592979,137.70504693399
1677107144.2360144,0,1,1,13.56046875,37860,29.578213387813022,996.8191459820415,137.70506530269634
1677107145.4351375,0,1,1,13.55734375,37763,29.65407334007981,996.8456890637154,137.48113357317408
1677107146.6352167,0,1,1,13.56046875,38056,29.752212425832827,996.9317061269738,136.7554804829373
1677107147.834202,0,1,1,13.5755078125,38056,29.867668720959266,997.0617477066345,135.6585260946847
1677107149.0332954,0,1,1,13.6075390625,38089,29.946379920847992,997.2160002492093,134.35749243608072
1677107150.2315073,0,1,1,13.6501171875,38320,29.976887580852285,997.3346507417333,133.35685296818014
1677107151.4305766,0,1,1,13.7005078125,38287,29.991649683826996,997.4264281977008,132.58291348920898
1677107152.629591,0,1,1,13.7575390625,38188,30.006926747219815,997.5027515065001,131.93933941162837
1677107153.8285143,0,1,1,13.817890625,38056,30.00610405194097,997.5545370521353,131.50269558098864
1677107155.0284314,0,1,1,13.8784375,38254,29.983484722612776,997.5713543843127,131.3608996453785
1677107156.2278185,0,1,1,13.939375,38320,29.955444818270845,997.5636157570804,131.4261479162776
1677107157.4267633,0,1,1,13.998359375,38354,29.889100922309783,997.5306426804002,131.7041651566185
1677107158.6259425,0,1,1,14.056171875,38287,29.84993306898412,997.4922691587265,132.0277263949394
1677107159.8248034,0,2,2,14.1067578125,38622,29.810218448565955,997.4582543964477,132.31454348863213
1677107161.0239632,0,2,2,14.1544140625,38724,29.79752339802558,997.454495934959,132.34623583206928
1677107162.222241,0,2,2,14.2075390625,38588,29.75256491812825,997.4634996065347,132.27031464858987
1677107163.421309,0,2,2,14.2645703125,38690,29.697024528789562,997.4438935053502,132.43563884977726
1677107164.622322,0,2,2,14.318671875,38555,29.592297751174385,997.3805434276246,132.96984264449054
1677107165.8221014,0,2,2,14.3704296875,38622,29.520085297513702,997.3114566169648,133.55245314496818
1677107167.0154338,0,1,1,14.42375,38656,29.54046492331527,997.3039144967979,133.61605797849828
1677107168.2151988,0,1,1,14.482734375,38690,29.561285174223595,997.3700328990553,133.0584760413675
1677107169.4157033,0,1,1,14.5508984375,38588,29.566489441698845,997.4569848282985,132.32524881295046
1677107170.6164978,0,1,1,14.6247265625,38758,29.51227360249761,997.531800516521,131.69440256871533
1677107171.817014,0,1,1,14.7083203125,38656,29.475133024651736,997.5779637791279,131.3051728272625
1677107173.0174093,0,1,1,14.7895703125,38690,29.42694141391169,997.6200779050283,130.95009647088133
1677107174.2179172,0,1,1,14.8690625,38622,29.384062068654444,997.6591510220537,130.62067059225947
1677107175.417687,0,1,1,14.953828125,38588,29.3198479184401,997.6870704928118,130.38528762691482
1677107176.6175187,0,1,1,15.04171875,38826,29.272191240435774,997.7220235925305,130.09061318877866
1677107177.8176188,0,2,2,15.131171875,38690,29.213796039120588,997.7427975810544,129.91548065342468
1677107179.0175285,0,2,2,15.216328125,38792,29.133365533265966,997.7544704063782,129.81707564195295
1677107180.2168205,0,2,2,15.302265625,38826,29.07473747716562,997.7624039730185,129.75019410438696
1677107181.4168851,0,2,2,15.3876171875,38792,28.98894717114365,997.7591911321537,129.77727893711602
1677107182.6172385,0,2,2,15.473359375,38724,28.91949251936345,997.7583021841306,129.7847729430711
1677107183.8174245,0,2,2,15.5528515625,38758,28.860430456018666,997.7584357820249,129.78364668630732
1677107185.016312,0,2,2,15.6298046875,38724,28.779511755964343,997.7474362446369,129.87637537828493
1677107186.2153234,0,2,2,15.7094921875,38724,28.72591868447,997.7427928519369,129.91552052132644
1677107187.415994,0,2,2,15.78078125,38622,28.650040230275213,997.732118798353,130.00550643859944
1677107188.6204898,0,1,1,15.8423046875,38656,28.58428241258107,997.7215014329522,130.0950152284236
1677107189.8241255,0,1,1,15.9110546875,38656,28.508266573583633,997.6979881356301,130.29324481335368
1677107191.0240438,0,1,1,15.9895703125,38656,28.443829622432297,997.6827934911771,130.42134574842106
1677107192.2244713,0,1,2,16.0723828125,38622,28.363512395887913,997.6597694022889,130.61545710568285
1677107193.424628,0,1,2,16.1606640625,38690,28.27823081929042,997.647789153482,130.7164615537118
1677107194.6247506,0,1,2,16.24171875,38656,28.20864844458158,997.636857514236,130.80862612157304
1677107195.8243494,0,1,1,16.316328125,38758,28.1224094903409,997.6316990820009,130.8521171087352
1677107197.0179548,0,1,1,16.3844921875,38690,28.06271149661868,997.6238850371486,130.91799803881145
1677107198.2175205,0,1,1,16.4473828125,38929,27.970270355374527,997.6188078923992,130.9608041366007
1677107199.4170291,0,1,1,16.499140625,38963,27.88244208428708,997.611476149419,131.02261936994978
1677107200.622011,0,1,1,16.555390625,38963,27.80576652263779,997.6135317164533,131.00528848037948
1677107201.8219626,0,1,1,16.6114453125,39206,27.712952848900507,997.6135504734256,131.00513033679246
1677107203.0208337,0,1,1,16.6520703125,39136,27.619052320476907,997.6275842685816,130.8868094266476
1677107204.2198873,0,1,1,16.6770703125,39311,27.52405900934997,997.6350489809926,130.82387393051505
1677107205.4194505,0,1,1,16.7114453125,39276,27.44593685230789,997.6400334664489,130.78184960819794
1677107206.6195474,0,1,1,16.7575390625,39102,27.3955731595159,997.6549986386686,130.65567888605847
1677107207.819434,0,1,1,16.80265625,38963,27.32366620304165,997.6716575318485,130.51523027789196
1677107209.0201087,0,1,1,16.844453125,39136,27.262283175204892,997.6876767354377,130.3801765867936
1677107210.219691,0,1,1,16.883515625,39276,27.18462369932982,997.7125072655382,130.17084039002032
1677107211.4201825,0,1,1,16.921015625,39451,27.096161830830518,997.7228301874281,130.0838132353744
1677107212.6209702,0,1,1,16.9606640625,39381,27.002545772630164,997.7402135653554,129.93726471670266
1677107213.8254886,0,0,0,17.003046875,39346,26.941319688802015,997.7538398048205,129.8223917564106
1677107215.0265987,0,0,0,17.0473828125,39346,26.86954639661633,997.7657444167033,129.72203363156186
1677107216.2308168,0,0,0,17.0950390625,39593,26.79269033676453,997.7715150226602,129.67338668318348
1677107217.43067,0,0,0,17.145234375,39451,26.721399866012767,997.7782549000204,129.61656894097817
1677107218.6303883,0,0,0,17.2008984375,39381,26.650530195257993,997.7876108493962,129.53769800318102
1677107219.829904,0,0,0,17.2458203125,39807,26.568228942283756,997.7954193688311,129.47187240528856
1677107221.0296032,0,0,0,17.292890625,39522,26.47544041107188,997.7832486925295,129.57447104372991
1677107222.2281413,0,0,0,17.3399609375,39807,26.39871622407781,997.7879663023366,129.5347015358906
1677107223.4276664,0,0,0,17.3817578125,39700,26.294978765856243,997.7785570299659,129.61402196699092
1677107224.6266973,0,0,1,17.430390625,39736,26.20245540275136,997.7656547510221,129.72278952654966
1677107225.8262246,0,0,1,17.4809765625,39664,26.126104235870244,997.759471419155,129.7749160639134
1677107227.0198536,0,0,1,17.532734375,39664,26.033894387838533,997.7552861471672,129.81019876572586
1677107228.2203193,0,0,0,17.5844921875,39700,25.957699406059035,997.7527790994599,129.8313337498205
1677107229.4198956,0,0,0,17.6403515625,39772,25.887144761961135,997.7522226782468,129.83602451341434
1677107230.6188686,0,0,0,17.6825390625,39807,25.80502298588432,997.7451126068191,129.89596429850258
1677107231.8179085,0,0,0,17.738984375,39879,25.7398826818147,997.7370812597972,129.9636710968125
1677107233.0175688,0,0,0,17.79484375,39952,25.64816520757482,997.7297209067517,130.02572159098034
1677107234.2165964,0,0,0,17.8618359375,39736,25.594433433023163,997.7228314020067,130.08380299594185
1677107235.4156427,0,0,0,17.93078125,39664,25.514313323712432,997.7074290838768,130.21365215081596
1677107236.614576,0,0,0,17.9930859375,39664,25.449677189224882,997.6907675121605,130.3541192634369
1677107237.8135753,0,0,0,18.0501171875,39700,25.363486572284444,997.6836553272,130.41407985662192
1677107239.0125349,0,0,0,18.0899609375,39843,25.29734337001831,997.6741346010382,130.49434664446534
1677107240.2134316,0,0,0,18.1243359375,39807,25.23084753528695,997.6738434302875,130.49680143977335
1677107241.413566,0,0,0,18.163203125,39915,25.164688653801733,997.6660183306988,130.56277331706107
1677107242.6131027,0,0,1,18.2159375,39988,25.120681718187903,997.6701094821743,130.52828157046977
1677107243.8130045,0,0,1,18.2598828125,39807,25.060203428557916,997.6608170872947,130.60662421014342
1677107245.0174577,0,0,1,18.3130078125,39843,25.021534146097483,997.6537079169212,130.6665608451102
1677107246.2168994,0,1,2,18.3534375,39807,24.955557349703856,997.6552955583902,130.65317558418735
1677107247.417304,0,1,2,18.39015625,39843,24.905208311751366,997.6606729660947,130.60783927672367
1677107248.621546,0,1,2,18.4395703125,39952,24.855742169189362,997.6607155878311,130.60747993854667
1677107249.8220155,0,1,2,18.4981640625,39807,24.80163247883917,997.6646267980002,130.5745050997352
1677107251.0220768,0,1,2,18.555,39915,24.742135085877592,997.6790569755058,130.45284729687486
1677107252.2230124,0,1,2,18.6055859375,39915,24.671671811070155,997.6861531499715,130.39302145947428
1677107253.4288328,0,1,2,18.65265625,39915,24.60627269507899,997.6990696264214,130.28412718858573
1677107254.6290207,0,1,2,18.6954296875,39843,24.524785321842486,997.7113905055849,130.180255252729
1677107255.832548,0,1,2,18.7346875,39915,24.4852676746533,997.7176817865537,130.12721661894486
1677107257.0335555,0,1,2,18.743671875,40024,24.412091597412953,997.7195251969785,130.11167580171102
1677107258.2380707,0,1,2,18.7346875,40317,24.353541863041094,997.7193754242716,130.11293845523025
1677107259.4382393,0,1,2,18.716328125,40060,24.27860028487991,997.7116312141687,130.17822595442743
1677107260.642668,0,1,2,18.6821484375,40207,24.223687105794255,997.671700489076,130.51486811445977
1677107261.8432739,0,1,2,18.6266796875,40502,24.188411663893547,997.6816558268875,130.43093707684
1677107263.04369,0,1,2,18.56671875,40465,24.163367389104245,997.6957509387499,130.31210576836588
1677107264.2441673,0,1,2,18.49875,40614,24.1325455301077,997.6893330660008,130.36621259972515
1677107265.4440932,0,1,2,18.4247265625,40576,24.10659036501907,997.6928340393217,130.33669708817078
1677107266.6440954,0,1,2,18.3555859375,40502,24.117739405236918,997.7063714977003,130.22256818457726
1677107267.8432317,0,1,2,18.295625,40726,24.11899575733114,997.7017698917886,130.2613623450805
1677107269.0421636,0,1,2,18.251484375,40502,24.137063990320737,997.7090397478713,130.20007338123258
1677107270.2424958,0,1,2,18.2065625,40465,24.16033374399356,997.7284988743562,130.0360238112192
1677107271.4421015,0,2,2,18.160078125,40614,24.16774077651996,997.7486521212123,129.86612521157053
1677107272.6411924,0,2,2,18.126484375,40689,24.202275029546257,997.7587442467607,129.781046267833
1677107273.8401353,0,2,2,18.1012890625,40726,24.216356449070503,997.7663094094943,129.71727065980483
1677107275.0396466,0,2,2,18.0721875,40953,24.23543251679428,997.7739415703644,129.65293064284128
